1890
1874
1886
1877
1877

1858
1910
1885
1898
1908
1854
1892
1873
1898
1857
1910

1881

1877
1878
1897
1884
1904
1874

1893


1872


1846
1884
1870

1891
1894
1898
1872
1885

1909
1893




1894
1905
1891
1863
1883
1847

1891
1884
1907
1901
1890
1874
1867
1908


1883
1893
1895
1886
1880
1896
1891
1886
1880
1887


1912
1882
1890
1883

1884
1895
1879
1896

1889
1888
1883
1892
1866
1886
1853

1841
1889
1878
1878
1884

1891
1879
1875
1884
1891

1874

1865
1898
1890
1892
1895
1891
1842
1883
1888
1910
1891

1880
1880
1858
1900

1888

1867
1879
1892
1865
1883
1887
1889
1893
1875
1896
1888

1890
1888
1893
1894
1893
1885
1903
1876
1870
1861
1890
1857
1872

1861
1896
1882


1868
1872
1886
1895
1911
1903

1867

1884
1851
1908
1911
1891
1856
1894

1862
1882
1876


1903
1911
1908


1867
1872
1876
1880
1893
1893
1909
1868
1854

1870

1888
1884

1878
1867
1894
1910
1880
1886
1896
1872
1888
1877
1890
1882

1881
1885
1870
1880
1882
1896
1885
1861

1874
1890
1893
1892
1894

1877
1883
1853
1907
1888

1868
1904
1893
1879


1883
1890
1882
1868
1887
1888
1875
1858

1883
1850
1882
1871
1883

1882
1877
1862

1909
1860
1872

1876
1896
1887
1854
1877

1887
1871
1875

1849
1867

1905
1877
1847
1884
1896
1893

1879
1882
1890
1870
1890
1886
1893
1876
1888
1888

1889
1910

1862


1893


1912

1895
1882
1882
1888
1894
1886
1884
1869
1886
1888
1858
1881
1872
1890
1885
1882
1890

1876
1851
1876
1881
1896

1867
1874
1896


1883
1871
1867
1867
1910
1888
1884
1887
1876
1888
1872

1909
1870
1889

1897
1887

1884
1890
1874


1872
1883
1867
1877

1882
1852


1888
1887
1894
1893
1890
1909

1890
1885
1892
1893
1870
1911
1880
1877

1894
1911
1876

1895
1876
1891
1884
1889
1888
1890
1881
1866
1889
1884
1873
1886
1891
1884
1892
1878
1861
1909
1891



1879

1868

1878
1894
1882
1902

1891
1883
1884
1894

1884
1893

1880
1884

1870
1895
1862
1898
1891
1888
1848
1881
1867
1892
1887
1884

1908
1899
1878
1907
1860
1876

1882
1863

1883
1847

1862

1864
1878
1865
1864

1874

1856

1912

1874
1879
1889
1890

1878
1883
1890
1910
1903

1862
1849
1887

1877
1854
1882
1903

1891
1857
1841
1891

1858

1887
1888
1895
1891

1875
1896
1894
1879

1884
1886
1883

1876
1858
1888
1865
1878

1876
1880
1882
1890

1868

1872
1862

1873
1889
1910

1895

1882
1905
1867
1882

1890
1876
1903
1901
1880
1862
1848
1893

1879
1904
1895
1885

1890
1890
1850
1864

1873
1876

1872
1884


1888
1893
1883

1880
1850
1859
1876

1896
1893
1878
1873

1880
1887
1873
1858
1876

1894
1865
1852
1890

1877
1860
1865

1875
1876

1863

1863
1888


1868
1877
1876
1882
1885
1890
1872
1873



1877
1888
1878
1886
1908
1886
1885
1870
1892
1891
1891
1851
1855
1891
1886

1832
1861
1880

1903
1884
1880
1881
1871

1892
1888
1910

1912
1864
1893
1856

1889

1894
1891

1894
1888

1880
1889
1854
1862
1872
1865
1876
1892
1880
1887

1869

1872
1881
1842
1881

1894
1888
1894
1869
1876

1885
1892
1898
1852
1887
1898
1893
1894
1897
1881
1908

1887
1852
1860
1868

1863
1870
1894
1877
1894
1887
1886
1873
1867
1870
1890

1888

1864
1883
1860
1893
1874
1885

1879
1906
1895
1878
1862
1885
1892
1882

1887
1887
1883
1901

1889
1889
1884
1864
1877



1876
1891
1888
1881
1842
1896
1882
1893
1881
1908
1906
1879
1889
1864
1912
1884
1894
1878
1879

1871
1892
1876
1896
1861

1882

1880
1888
1864
1855

1858
1894

1907

1869
1899
1895
1883

1887
1887
1894
1904
1911
1866

1896


1887
1873
1863
1881
1882
1882
1878
1881
1901
1912
1885
1881
1873
1894
1873
1879
1886
1873
1877
1906
1882

1889
1881
1869
1902
1860
1885
1874
1885
1910


1911

1850
1897
1912

1889
1894
1873
1891

1880

1892
1896
1882
1878
1895
1870

1877
1884

1908
1838
1903
1896
1868
1894
1867
1861
1888

1871
1891
1864

1888
1870
1885
1881

1908
1886
1865
1879
1865
1884
1897
1892
1893

1856
1887
1879
1890
1884
1887
1873
1885
1893

1886
1880
